-400,0,100,-500,0,100
-500,0,100,-500,100,100
-500,100,100,-400,100,100
-400,100,100,-400,0,100
-400,0,100,-400,0,200
-500,0,100,-500,0,200
-500,100,100,-500,100,200
-400,100,100,-400,100,200
-400,0,200,-500,0,200
-500,0,200,-500,100,200
-500,100,200,-400,100,200
-400,100,200,-400,0,200

400,0,100,500,0,100
500,0,100,500,100,100
500,100,100,400,100,100
400,100,100,400,0,100
400,0,100,400,0,200
500,0,100,500,0,200
500,100,100,500,100,200
400,100,100,400,100,200
400,0,200,500,0,200
500,0,200,500,100,200
500,100,200,400,100,200
400,100,200,400,0,200